
100000 88.0 2 0.6818182
110000 43.0 2 2.3953488
120000 2.0 4 0.5
130000 10.0 2 1.6
140000 10.0 2 1.3
150000 33.0 2 0.57575756
160000 50.0 2 0.5
170000 23.0 2 0.82608694
180000 22.0 2 1.0454545
190000 33.0 2 1.2424242
200000 28.0 2 0.96428573
210000 16.0 2 1.3125
220000 31.0 2 0.9032258
230000 17.0 2 1.8235294
240000 19.0 2 2.1052632
250000 32.0 2 0.90625
260000 33.0 2 0.90909094
270000 45.0 2 0.82222223
280000 60.0 2 0.53333336
290000 23.0 2 1.5217391
300000 26.0 2 1.6538461
310000 39.0 2 1.1538461
320000 38.0 2 1.1052631
330000 27.0 2 1.8148148
340000 11.0 4 1.4545455
350000 54.0 2 0.9259259
360000 55.0 2 1.0181818
370000 54.0 2 1.0185186
380000 11.0 4 0.6363636
390000 30.0 2 1.6666666
400000 56.0 2 1.1785715
410000 75.0 2 0.76
420000 113.0 2 0.5221239
430000 64.0 2 0.953125
440000 52.0 2 1.1923077
450000 57.0 2 1.0
460000 79.0 2 0.89873415
470000 108.0 2 1.3611112
480000 75.0 2 0.9066667
490000 75.0 2 0.82666665
500000 74.0 2 0.9054054
510000 43.0 2 1.6046512
520000 62.0 2 1.032258
530000 42.0 2 1.3095238
540000 44.0 2 1.4090909
550000 52.0 2 1.1923077
560000 73.0 2 1.3013699
570000 57.0 2 1.3859649
580000 63.0 2 1.3968254
590000 61.0 2 1.5737705
600000 61.0 2 1.3442622
610000 52.0 2 1.3076923
620000 101.0 2 0.9405941
630000 118.0 2 0.6694915
640000 55.0 2 1.6363636
650000 95.0 2 0.9368421
660000 91.0 2 1.7142857
670000 71.0 2 2.056338
680000 61.0 2 1.6065574
690000 61.0 2 1.6065574
700000 69.0 2 1.0869565
710000 121.0 2 0.8181818
720000 108.0 2 0.9166667
730000 96.0 2 1.1145834
740000 72.0 2 1.4444444
750000 76.0 2 1.3421053
760000 78.0 2 1.3076923
770000 72.0 2 1.5416666
780000 108.0 2 0.9351852
790000 109.0 2 0.9174312
800000 26.0 8 1.8846154
810000 98.0 2 1.2142857
820000 101.0 2 1.4455446
830000 126.0 2 1.4841269
840000 10.0 4 1.8
850000 77.0 2 1.6233766
860000 108.0 2 1.175926
870000 88.0 2 1.7045455
880000 119.0 2 1.394958
890000 103.0 2 1.2427185
900000 92.0 2 1.326087
910000 116.0 2 1.862069
920000 93.0 2 1.451613
930000 109.0 2 1.266055
940000 129.0 2 1.0310078
950000 165.0 2 0.91515154
960000 132.0 2 1.0757576
970000 101.0 2 1.4257426
980000 184.0 2 0.92391306
990000 151.0 2 0.90066224
1000000 103.0 2 1.6893204